4294967279,24
4294967279,23
4294967279,22
4294967279,216
4294967279,214
4294967279,213
4294967279,212
4294967278,210
4294967279,33
4294967279,32
4294967279,31
4294967279,30
4294967279,29
4294967279,28
4294967279,27
4294967279,26
4294967279,25
4294967279,211
4294967279,210
4294967279,208
4294967279,48
4294967279,47
4294967279,46
4294967279,45
4294967279,44
4294967279,43
4294967279,42
4294967279,41
4294967279,40
4294967279,39
4294967279,38
4294967279,37
4294967279,36
4294967279,35
4294967279,34
4294967278,555
4294967279,207
4294967278,204
4294967279,205
4294967279,82
4294967279,80
4294967279,79
4294967279,78
4294967279,77
4294967279,76
4294967279,75
4294967279,74
4294967279,72
4294967279,71
4294967279,68
4294967279,66
4294967279,65
4294967279,64
4294967279,63
4294967279,62
4294967279,61
4294967279,60
4294967279,59
4294967279,58
4294967279,57
4294967279,56
4294967279,55
4294967279,54
4294967279,53
4294967279,52
4294967279,51
4294967279,50
4294967279,49
4294967279,204
4294967279,202
4294967278,554
4294967279,200
4294967279,84
4294967278,553
4294967279,364
4294967279,83
4294967279,196
4294967279,195
4294967279,363
4294967279,81
4294967279,194
4294967279,193
4294967278,191
4294967279,192
37,4
37,3
37,2
37,1
4294967278,552
4294967279,191
4294967279,73
4294967279,189
4294967279,188
4294967279,187
4294967279,186
4294967278,551
4294967279,362
4294967279,70
4294967279,69
4294967279,183
4294967278,181
4294967279,182
4294967278,180
4294967294,419
4294967294,398
4294967294,421
4294967294,183
4294967294,413
4294967294,460
4294967294,451
4294967294,462
4294967279,67
4294967278,550
4294967278,176
35,5
35,4
35,3
35,2
35,1
4294967278,169
4294967279,126
4294967279,123
4294967279,121
4294967279,120
4294967279,119
4294967279,118
4294967279,117
4294967279,116
4294967279,115
4294967279,114
4294967279,113
4294967279,112
4294967279,111
4294967279,110
4294967279,109
4294967279,108
4294967279,107
4294967279,106
4294967279,105
4294967279,104
4294967279,103
4294967279,102
4294967279,101
4294967279,100
4294967279,99
4294967279,98
4294967279,97
4294967279,96
4294967279,95
4294967279,94
4294967279,93
4294967279,92
4294967279,91
4294967279,90
4294967279,89
4294967279,87
4294967279,86
4294967279,85
4294967278,549
4294967279,361
4294967278,548
4294967278,547
4294967278,159
4294967278,158
33,6
4294967278,157
33,5
33,4
33,3
33,2
33,1
4294967278,546
4294967279,360
4294967279,359
4294967278,150
4294967278,545
4294967278,544
4294967279,358
4294967278,145
4294967278,144
4294967278,143
4294967278,142
4294967279,357
4294967278,141
4294967278,139
4294967294,1046
4294967294,201
4294967294,190
4294967294,173
4294967278,138
4294967279,136
4294967294,390
4294967278,276
4294967278,137
4294967279,356
4294967278,136
4294967278,135
4294967279,135
4294967279,134
4294967278,274
4294967279,272
4294967278,275
4294967278,272
4294967278,270
4294967278,543
4294967278,271
4294967279,269
4294967279,268
4294967278,267
4294967278,281
4294967279,266
4294967279,355
4294967278,542
4294967278,279
4294967278,263
4294967278,541
4294967278,262
4294967278,261
4294967279,256
4294967278,259
4294967279,258
4294967278,258
4294967279,276
4294967278,257
4294967279,255
4294967279,354
4294967279,129
4294967278,540
4294967278,256
4294967279,127
4294967279,253
4294967279,353
4294967279,128
4294967278,539
4294967278,538
4294967278,255
4294967279,352
4294967279,125
4294967279,351
4294967279,124
4294967279,251
4294967278,253
4294967294,38
4294967294,37
4294967279,122
4294967279,250
4294967278,250
4294967278,251
4294967279,249
4294967278,248
4294967278,246
4294967278,240
4294967278,244
4294967278,242
4294967278,241
4294967294,40
4294967278,238
4294967278,237
4294967278,236
4294967278,12
4294967278,11
4294967278,10
4294967278,9
4294967278,8
4294967278,7
4294967278,6
4294967278,5
4294967278,4
4294967279,132
4294967279,131
4294967279,130
4294967278,228
4294967294,1086
4294967294,1087
4294967294,1084
4294967294,1085
4294967278,174
4294967278,36
4294967278,35
4294967278,34
4294967278,33
4294967278,32
4294967278,31
4294967278,30
4294967278,29
4294967278,28
4294967278,27
4294967278,26
4294967278,25
4294967278,24
4294967278,23
4294967278,22
4294967278,21
4294967278,20
4294967278,19
4294967278,18
4294967278,17
4294967278,16
4294967278,15
4294967278,14
4294967278,13
4294967279,174
4294967279,88
4294967279,21
4294967279,20
4294967279,18
4294967279,17
4294967279,15
4294967279,12
4294967278,225
4294967278,220
4294967278,218
4294967278,217
4294967278,214
4294967278,213
4294967278,212
4294967278,211
27,5
4294967278,209
4294967278,208
27,4
27,3
27,2
27,1
4294967279,350
4294967278,207
4294967278,206
4294967279,349
4294967278,537
4294967279,348
4294967279,347
4294967278,536
4294967278,202
4294967279,346
4294967278,201
4294967278,535
4294967278,200
4294967278,199
4294967278,196
4294967278,198
26,5
26,4
4294967278,197
26,3
26,2
26,1
4294967278,534
4294967278,195
4294967294,388
4294967278,194
4294967278,533
4294967278,193
4294967278,532
4294967294,120
4294967279,345
4294967278,531
4294967279,344
4294967278,190
